image_width: 1280
image_height: 720
camera_name: usb_cam

camera_matrix:
  rows: 3
  cols: 3
  data: [608.2083, 0.0, 663.0600,
         0.0, 611.0878, 379.4332,
         0.0, 0.0, 1.0]

distortion_model: plumb_bob
distortion_coefficients:
  rows: 1
  cols: 5
  data: [0, 0, 0, 0, 0]

rectification_matrix:
  rows: 3
  cols: 3
  data: [1, 0, 0,
         0, 1, 0,
         0, 0, 1]

projection_matrix:
  rows: 3
  cols: 4
  data: [608.2083, 0.0, 663.0600, 0.0,
         0.0, 611.0878, 379.4332, 0.0,
         0.0, 0.0, 1.0, 0.0]
